28.311
29.364
26.311
23.332
24.364
25.364
22.364
21.364
20.573
18.906
18.906
17.906
18.906
18.906
20.906
22.905
22.905
22.905
19.364
18.364
28.573
31.311
33.311
29.364
26.311
19.208
17.230
19.208
23.332
30.217
39.572
55.823
20.438
15.230
11.594
11.208
15.208
23.208
31.967
31.332
29.332
30.364
30.332
30.311
32.102
26.332
21.874
23.905
24.905
23.238
22.238
22.238
21.238
23.874
23.905
22.874
23.905
21.905
20.874
19.364
27.874
28.852
31.311
33.311
33.332
25.364
21.999
17.332
18.594
21.332
27.270
30.344
51.459
55.875
15.230
11.709
16.803
19.229
30.208
33.967
30.364
28.332
28.332
29.311
28.852
24.905
23.874
23.874
22.852
22.852
21.852
21.852
20.906
22.852
24.874
23.874
20.906
21.874
24.874
18.364
22.364
28.873
30.332
31.332
31.332
33.311
23.364
22.364
26.999
18.364
18.906
22.905
31.905
35.905
56.228
48.854
15.573
14.594
15.573
24.332
33.081
29.332
30.311
29.311
29.332
28.311
27.102
22.905
22.874
22.874
23.874
21.905
20.114
17.364
17.114
21.238
20.217
21.874
21.905
22.905
24.874
23.874
25.874
29.114
25.874
26.364
28.364
28.573
18.573
20.573
25.332
20.270
22.999
28.999
37.572
47.344
56.207
49.229
17.230
14.208
16.208
28.332
33.364
31.332
32.081
29.311
29.332
26.332
26.332
25.364
22.364
20.874
19.364
19.364
19.364
16.364
17.573
17.364
21.364
20.906
18.114
22.874
25.852
22.905
22.644
30.873
24.874
24.905
28.311
29.332
18.332
20.573
24.573
17.573
21.332
26.364
34.873
40.999
54.207
42.875
17.854
15.208
17.573
36.364
31.364
29.332
29.332
28.332
26.332
24.332
25.364
24.874
24.364
21.364
22.364
21.364
18.573
17.573
18.364
18.364
18.364
20.906
20.906
22.905
23.874
21.364
26.364
28.905
22.332
24.311
30.102
24.573
18.364
18.332
23.364
18.573
18.114
27.905
31.873
44.593
57.333
51.207
15.208
13.594
15.594
33.332
30.332
29.967
29.967
28.311
25.852
23.874
24.364
23.217
26.332
24.332
20.906
18.874
20.874
16.573
17.114
17.906
17.573
19.364
16.114
20.874
22.874
24.311
22.364
27.874
22.594
24.573
25.573
29.364
20.573
22.364
22.905
17.114
21.573
25.332
31.905
43.572
56.875
53.853
17.208
14.594
14.230
23.364
31.364
29.332
29.332
25.332
24.332
25.332
23.311
24.332
23.332
22.332
19.332
19.364
18.136
18.114
15.114
15.906
16.364
17.573
16.906
17.114
23.364
20.874
24.311
29.332
24.332
25.311
25.311
22.364
21.573
22.208
21.364
21.364
22.905
25.874
30.332
43.572
51.105
52.542
15.438
17.230
16.573
15.573
30.332
29.332
26.311
23.332
21.364
24.364
26.364
24.311
22.905
20.906
14.906
17.874
20.270
17.114
17.874
16.906
16.594
17.573
15.364
16.573
19.364
21.364
24.364
29.364
24.332
24.364
25.332
19.364
18.364
22.968
19.208
20.573
24.364
24.332
28.114
34.905
54.229
49.084
15.438
16.876
12.208
17.364
27.573
30.311
26.332
28.332
21.364
16.968
23.968
26.967
25.967
21.332
17.332
14.573
19.364
19.364
23.364
18.573
15.573
14.114
13.115
17.114
23.364
22.364
22.364
26.332
23.364
22.332
29.364
19.364
18.208
22.364
18.114
17.114
21.114
26.364
28.114
36.364
50.437
51.083
22.229
19.229
16.573
18.364
16.573
24.311
26.311
23.573
17.208
18.229
18.573
25.364
28.332
26.332
20.573
14.364
13.573
13.573
22.364
24.332
21.364
14.573
11.573
11.573
17.364
24.364
24.364
28.364
24.364
26.364
30.332
18.364
21.208
21.573
21.364
21.364
18.594
22.905
23.208
33.364
44.229
52.853
24.946
17.230
26.999
22.208
18.999
17.364
26.999
23.364
19.364
14.573
21.208
19.208
23.364
28.364
22.573
14.573
15.573
11.115
14.114
23.364
23.905
21.803
15.594
13.573
18.364
18.364
23.364
24.573
23.364
31.364
28.364
28.332
21.874
21.999
21.364
21.594
21.311
23.311
23.208
30.573
49.572
50.229
39.645
10.209
23.364
29.311
29.364
17.364
23.332
24.332
19.364
16.364
17.364
15.573
18.364
25.364
28.332
22.311
14.906
14.364
11.364
16.364
21.874
25.364
21.905
16.364
16.208
15.114
17.906
28.332
23.364
25.332
28.332
24.208
26.208
25.208
18.364
16.803
23.364
29.364
29.594
34.594
54.229
49.437
35.875
15.230
16.208
29.332
31.572
21.332
19.968
25.573
17.364
18.364
18.332
17.364
16.364
21.364
28.332
25.332
14.573
14.573
10.573
18.364
23.332
18.332
17.874
18.874
19.364
15.906
14.364
23.364
21.364
22.364
28.364
23.364
19.364
21.573
22.364
21.208
22.573
23.573
28.364
31.572
45.572
49.572
37.854
14.208
25.229
29.364
29.208
29.332
20.114
23.364
18.364
17.364
18.364
18.364
19.364
15.573
24.573
25.573
19.332
14.364
14.364
14.906
27.573
16.573
17.136
18.114
23.594
15.573
13.573
16.208
19.364
28.364
29.967
30.364
23.364
22.573
26.364
22.573
20.573
20.594
21.573
31.572
50.207
51.331
42.845
18.000
18.000
23.999
29.364
28.573
28.999
24.364
22.332
17.364
16.573
15.573
21.573
22.364
24.332
29.332
28.364
10.573
11.573
14.364
22.573
21.364
16.332
26.332
18.573
18.573
14.364
14.573
22.364
26.364
26.332
28.332
28.332
23.364
25.364
24.332
23.332
22.573
15.594
23.594
39.999
51.999
53.875
17.000
15.208
19.364
26.364
30.332
29.905
25.364
22.364
18.364
18.906
16.594
17.906
20.906
21.332
29.332
26.364
14.573
14.573
11.573
15.594
21.364
18.364
24.332
19.364
19.364
17.573
15.573
23.332
21.573
22.332
28.364
28.332
23.332
21.573
24.364
21.573
23.364
18.364
29.364
40.208
49.999
48.854
15.500
16.364
23.573
24.573
28.364
25.364
26.332
25.364
17.364
21.364
17.573
15.573
24.364
28.311
28.332
29.332
16.364
13.573
11.573
24.364
18.906
14.906
20.906
19.364
24.364
27.573
14.364
17.874
26.364
25.364
29.873
26.364
26.999
21.573
28.999
29.364
30.332
20.594
23.364
33.999
47.645
49.312
17.208
16.208
18.208
22.573
25.332
28.332
24.364
23.332
22.364
16.364
23.573
19.311
22.573
26.364
28.332
25.332
17.573
14.573
10.573
21.364
23.364
22.364
18.364
25.364
20.573
23.364
21.332
21.364
23.364
24.364
24.364
25.573
22.364
19.364
19.332
25.332
31.332
21.364
24.594
30.573
45.593
49.114
23.229
16.208
20.573
16.573
23.905
29.364
24.905
24.874
16.906
14.114
21.573
17.573
28.364
28.311
30.332
29.364
16.364
16.573
13.573
16.573
24.364
23.594
19.364
24.573
24.364
23.332
23.332
21.332
25.332
29.364
26.332
28.364
23.573
18.573
23.364
25.573
23.573
26.999
26.364
31.364
43.363
50.853
20.854
17.208
18.000
28.854
18.208
16.573
26.967
26.208
19.364
16.364
20.573
25.364
17.803
21.594
28.573
28.332
21.573
14.573
12.208
16.364
21.364
26.332
23.364
21.905
25.332
22.905
23.874
22.905
24.905
29.332
25.332
28.364
21.874
22.364
23.364
30.364
25.573
21.208
30.999
29.229
42.363
44.363
32.208
19.364
16.364
19.364
18.208
25.364
29.332
29.573
14.573
16.573
16.364
22.364
28.332
23.311
29.332
26.332
19.364
12.208
14.230
18.573
17.364
29.364
28.332
26.332
25.573
29.967
27.573
23.364
28.332
29.332
28.332
25.332
23.364
18.573
19.332
30.311
23.573
23.364
29.999
36.208
49.363
42.802
29.332
27.573
19.364
21.573
24.573
26.364
28.332
26.364
17.573
13.573
15.573
22.332
26.332
26.332
26.364
23.364
17.573
15.906
11.115
13.906
16.364
19.364
26.364
24.364
29.364
28.364
29.270
22.311
24.364
28.873
22.874
24.332
22.364
18.364
23.332
29.573
28.905
19.364
29.573
35.572
42.229
53.113
34.572
14.573
15.573
17.573
28.364
31.364
30.364
26.332
22.332
18.364
18.364
19.364
29.364
26.332
29.364
28.364
19.364
14.594
13.594
14.573
15.573
24.311
22.332
19.364
29.332
26.332
28.364
23.573
27.573
26.332
21.905
20.906
23.364
25.573
23.364
26.364
30.311
31.364
31.364
34.594
46.593
50.875
32.208
14.573
22.364
23.364
19.364
27.905
27.874
25.364
16.573
15.573
19.364
21.364
25.332
21.364
28.332
26.332
22.332
15.573
11.573
15.573
21.364
21.332
21.573
21.364
26.332
24.874
25.874
24.874
26.946
32.332
25.874
28.364
21.905
21.573
20.573
25.364
26.364
27.573
30.594
35.854
43.208
46.875
28.364
11.573
21.364
25.573
27.573
30.573
25.364
29.332
19.364
17.332
18.573
20.573
26.364
25.364
26.364
28.573
17.573
12.364
14.364
15.573
18.573
26.364
16.364
20.573
25.332
19.364
26.364
23.364
28.364
31.332
27.905
24.364
21.594
17.573
16.573
24.573
29.311
26.332
25.229
28.573
40.208
43.312
30.229
14.208
17.000
29.573
29.364
31.364
26.364
22.364
16.208
15.573
16.364
15.573
21.364
29.332
28.332
25.364
15.573
12.364
13.573
15.364
15.364
28.364
24.874
21.594
28.364
31.332
31.364
23.364
24.364
28.364
21.905
23.364
25.364
22.573
19.364
21.364
19.332
23.968
31.999
26.999
36.999
50.572
22.573
10.573
16.364
19.364
31.999
32.332
24.208
24.208
18.208
15.230
16.208
16.594
26.208
29.967
28.311
28.573
16.573
13.573
11.573
14.573
19.364
24.332
22.364
25.364
25.332
24.364
30.364
21.573
22.364
28.364
23.364
20.573
22.364
22.364
17.573
18.573
22.874
25.311
24.573
28.229
30.573
38.572
30.999
18.208
22.229
16.364
26.208
28.364
24.364
23.332
17.364
14.573
16.573
17.573
30.364
26.364
25.332
24.332
19.364
15.573
15.573
14.573
19.364
26.364
24.364
22.364
24.311
29.364
25.905
23.364
22.364
30.364
29.364
18.999
22.573
22.573
14.594
20.594
25.364
32.905
35.114
29.229
36.572
45.208
27.573
13.573
24.573
17.573
29.364
30.999
30.332
32.332
20.573
15.594
16.573
16.573
24.364
28.364
26.332
18.594
19.364
15.594
14.573
11.136
13.115
23.364
23.332
24.364
23.364
18.332
26.332
23.573
23.332
26.311
25.332
24.364
20.573
22.573
18.573
18.364
20.906
23.905
29.573
28.229
27.573
53.207
35.364
15.208
21.573
29.573
28.364
28.332
28.332
30.364
17.573
15.573
14.803
16.573
18.573
29.364
26.332
22.332
18.364
14.573
13.573
15.573
16.573
23.573
28.364
24.332
26.364
23.364
24.364
25.364
26.332
24.332
21.364
22.364
23.573
23.573
19.311
18.573
19.999
18.573
29.208
22.229
30.594
46.593
37.824
13.573
20.573
29.573
25.999
28.573
24.364
23.364
19.364
16.364
18.364
18.573
24.573
28.332
28.364
24.332
19.332
11.573
11.573
15.573
16.573
26.364
29.332
23.364
29.364
31.364
31.364
24.332
20.573
19.364
18.364
18.573
23.573
22.573
17.573
20.594
21.364
28.364
38.208
34.594
37.208
50.593
37.572
13.573
16.573
28.573
30.573
29.332
28.364
24.364
21.364
18.573
16.573
15.573
27.573
25.364
23.332
25.364
21.364
17.573
14.573
14.573
16.573
23.999
31.332
22.573
26.364
30.905
30.873
23.364
25.364
30.573
28.573
18.573
24.208
22.364
25.364
22.573
21.573
20.573
31.999
35.208
47.208
44.208
42.229
14.573
21.364
14.803
15.573
18.364
28.573
25.364
22.573
15.573
16.573
20.594
24.364
26.364
28.364
25.573
20.573
15.573
14.573
14.364
14.364
23.364
32.905
23.905
25.905
19.364
31.332
23.364
24.364
31.364
26.364
24.364
23.364
21.999
21.999
25.332
20.573
21.573
24.438
25.875
28.438
52.363
43.363
14.594
20.114
14.573
17.364
17.874
24.874
21.114
22.114
14.114
18.114
22.573
23.573
17.906
25.905
21.364
18.573
16.573
15.364
14.573
16.573
24.364
26.364
21.364
25.364
22.573
26.364
20.573
23.905
30.905
22.364
17.906
24.905
20.114
21.573
22.573
20.114
29.364
29.594
26.208
31.438
51.207
40.999
15.573
18.573
23.999
29.999
16.208
16.208
23.332
23.573
18.364
18.573
24.573
24.573
22.573
28.364
23.364
16.573
13.573
15.573
14.573
11.573
22.573
26.364
25.364
24.364
22.364
29.364
25.573
21.573
22.573
23.364
16.573
24.208
18.208
16.594
24.364
27.573
24.229
21.594
25.573
36.208
51.363
43.572
17.114
16.573
16.573
21.573
27.573
20.573
24.573
25.364
21.332
17.573
22.573
20.573
18.364
29.364
23.905
17.573
14.573
13.573
14.573
14.573
23.364
25.364
22.573
24.874
29.873
29.873
24.573
16.573
27.573
21.364
16.906
24.364
22.999
18.573
19.364
21.573
22.364
25.573
27.573
22.594
39.114
30.573
17.573
21.573
21.208
21.999
24.208
19.208
19.208
19.208
17.208
15.000
21.364
24.573
22.573
26.364
22.081
17.573
14.803
13.803
10.803
17.594
25.364
23.332
24.364
25.364
26.364
23.573
23.364
18.573
28.364
21.364
20.573
22.114
23.364
20.114
20.114
22.332
28.573
29.573
27.594
28.573
46.905
46.593
20.573
15.573
21.332
29.573
24.573
20.906
17.114
18.573
15.573
17.573
22.594
21.594
23.364
28.905
21.573
14.573
14.594
14.114
13.115
13.906
21.874
23.874
23.874
23.905
23.874
27.114
22.905
21.114
23.874
22.364
19.208
22.114
20.594
19.208
18.364
19.364
23.905
28.114
27.020
25.229
50.905
42.645
17.364
17.000
24.364
26.364
24.332
22.364
18.114
20.136
15.230
14.208
19.208
27.573
18.364
21.573
23.364
14.573
16.114
14.364
14.364
14.573
21.573
18.573
21.364
23.905
25.114
26.364
22.135
16.573
25.874
24.332
23.905
22.114
21.573
18.573
17.573
21.905
20.114
29.594
24.573
22.438
43.114
36.480
15.573
17.573
22.573
28.573
22.573
25.332
24.364
19.364
16.573
14.594
16.594
25.311
26.102
25.311
25.364
15.573
15.364
11.594
13.573
21.364
22.364
25.364
29.364
22.332
28.364
29.364
22.573
24.573
26.332
24.332
22.332
19.364
21.208
19.208
19.364
17.573
22.364
25.364
26.967
24.208
30.344
38.594
14.594
21.573
17.573
18.594
28.364
23.364
18.573
16.573
14.208
14.573
19.364
22.573
26.332
24.364
23.364
17.364
15.573
13.573
13.136
15.114
25.364
24.905
25.135
23.364
23.364
23.905
19.364
24.573
24.364
19.364
23.364
19.364
22.573
20.573
21.573
21.573
23.114
35.572
30.229
34.572
48.593
32.114
16.573
22.573
16.114
21.905
25.364
28.364
26.364
19.364
14.573
16.573
21.573
24.573
21.332
18.573
20.573
17.594
14.594
13.573
13.573
14.573
28.364
27.905
27.905
24.874
24.905
23.905
21.364
21.114
23.114
18.114
22.114
22.114
20.114
18.573
16.573
22.905
24.332
35.572
35.229
30.438
39.905
21.229
16.438
24.313
